-74,22
-73,24
-71,22
-68.5,21
-65,21
-61.5,21
-58.5,21
-55.5,20
-52.5,20
-49.5,20
-46.5,20
-44,20
-42.5,20
-41,20
-40,20
-38.5,20
-37.5,20
-36.5,20
-35,20
-33,20
-31.5,21
-30,21
-27.5,21
-25,21
-22.5,21
-20,21
-17,21
-15,22
-13,22
-11,22
-8,22
-6.5,22
-5,23
-3,36
-1.5,36
0,36
1.5,36
3.5,36
5,36
7,35
9.5,33
11.5,33
14,32
16,32
18,32
20,31
22,31
24,31
26,31
27.5,30
29.5,30
31,30
33,30
35.5,30
38,30
40,30
42,30
43.5,30
45.5,30
47,30
49,30
51,30
53,30
55,30
57,30
59,30
61,30
63,31
65,31
67,31
69,31
71,31
